Z-1-1.1
15
55737
6411777,6411577,6411577,6411577,6411750,6411777,6411777,6411777
4970315,4970315,4970115,4970018,4970050,4970058,4970115,4970315
Z-1-1.2
15
40000
6411777,6411577,6411577,6411777,6411777
4970515,4970515,4970315,4970315,4970515
Z-1-1.3
15
40000
6411777,6411577,6411577,6411777,6411777
4970715,4970715,4970515,4970515,4970715
Z-1-1.4
15
20000
6411777,6411577,6411777,6411777
4970915,4970715,4970715,4970915
Z-1-1.5
15
45750
6411977,6411777,6411777,6411777,6411977,6411977
4970315,4970315,4970115,4970058,4970115,4970315
Z-1-1.6
15
40000
6411977,6411777,6411777,6411977,6411977
4970515,4970515,4970315,4970315,4970515
Z-1-1.7
15
40000
6411977,6411777,6411777,6411977,6411977
4970715,4970715,4970515,4970515,4970715
Z-1-1.8
15
40000
6411977,6411777,6411777,6411977,6411977
4970915,4970915,4970715,4970715,4970915
Z-1-1.9
15
20000
6411977,6411777,6411977,6411977
4971115,4970915,4970915,4971115
Z-1-1.10
15
20000
6412177,6411977,6411977,6412177
4970315,4970315,4970115,4970315
Z-1-1.11
15
40000
6412177,6411977,6411977,6412177,6412177
4970515,4970515,4970315,4970315,4970515
Z-1-1.12
15
40000
6412177,6411977,6411977,6412177,6412177
4970715,4970715,4970515,4970515,4970715
Z-1-1.13
15
40000
6412177,6411977,6411977,6412177,6412177
4970915,4970915,4970715,4970715,4970915
Z-1-1.14
15
40000
6412177,6411977,6411977,6412177,6412177
4971115,4971115,4970915,4970915,4971115
Z-1-1.15
15
20000
6412177,6411977,6412177,6412177
4971315,4971115,4971115,4971315
Z-1-1.16
15
33559
6412377,6412177,6412177,6412377,6412377
4970515,4970515,4970315,4970379,4970515
Z-1-1.17
15
40000
6412377,6412177,6412177,6412377,6412377
4970715,4970715,4970515,4970515,4970715
Z-1-1.18
15
40000
6412377,6412177,6412177,6412377,6412377
4970915,4970915,4970715,4970715,4970915
Z-1-1.19
15
40000
6412377,6412177,6412177,6412377,6412377
4971115,4971115,4970915,4970915,4971115
Z-1-1.20
15
40000
6412377,6412177,6412177,6412377,6412377
4971315,4971315,4971115,4971115,4971315
Z-1-1.21
15
20000
6412377,6412177,6412377,6412377
4971515,4971315,4971315,4971515
Z-1-1.22
15
42130
6412538,6412377,6412377,6412377,6412484,6412502,6412538
4970715,4970715,4970515,4970379,4970414,4970515,4970715
Z-1-1.23
15
34493
6412549,6412377,6412377,6412538,6412556,6412549
4970915,4970915,4970715,4970715,4970817,4970915
Z-1-1.24
15
38108
6412577,6412377,6412377,6412549,6412546,6412577,6412577
4971115,4971115,4970915,4970915,4970954,4971001,4971115
Z-1-1.25
15
40000
6412577,6412377,6412377,6412577,6412577
4971315,4971315,4971115,4971115,4971315
Z-1-1.26
15
40000
6412577,6412377,6412377,6412577,6412577
4971515,4971515,4971315,4971315,4971515
Z-1-1.27
15
38489
6412777,6412577,6412577,6412577,6412588,6412607,6412642,6412649,6412777,6412777
4971315,4971315,4971115,4971001,4971017,4971051,4971115,4971129,4971183,4971315
Z-1-1.28
15
40000
6412777,6412577,6412577,6412777,6412777
4971515,4971515,4971315,4971315,4971515
Z-1-1.29
15
40000
6412977,6412777,6412777,6412977,6412977
4971515,4971515,4971315,4971315,4971515
Z-1-1.30
15
17898
6412970,6412977,6412977,6412777,6412777,6412970,
4971265,4971266,4971315,4971315,4971183,4971265,
Z-1-1.31
15
47013
6413177,6412977,6412977,6412977,6413069,6413177,6413177,6413177
4971515,4971515,4971315,4971266,4971280,4971292,4971315,4971515
Z-1-1.32
15
42221
6413377,6413177,6413177,6413177,6413373,6413377,6413377
4971515,4971515,4971315,4971292,4971315,4971316,4971515
Z-1-1.33
15
33912
6413577,6413556,6413510,6413480,6413469,6413377,6413377,6413577,6413748,6413637,6413577
4971400,4971406,4971436,4971478,4971515,4971515,4971316,4971339,4971359,4971383,4971400
Z-1-2.1
15
26609.2432
6413577,6413252,6413577,6413577
4972115,4972115,4971951,4972115
Z-1-2.2
15
38690.9281
6413777,6413577,6413577,6413649,6413777,6413777
4972115,4972115,4971951,4971915,4971915,4972115
Z-1-2.3
15
40000.0000
6413977,6413777,6413777,6413977,6413977
4972115,4972115,4971915,4971915,4972115
Z-1-2.4
15
40000.0000
6414177,6413977,6413977,6414177,6414177
4972115,4972115,4971915,4971915,4972115
Z-1-2.5
15
40000.0000
6414377,6414177,6414177,6414377,6414377
4972115,4972115,4971915,4971915,4972115
Z-1-2.6
15
40000.0000
6414577,6414377,6414377,6414577,6414577
4972115,4972115,4971915,4971915,4972115
Z-1-2.7
15
40000.0000
6414777,6414577,6414577,6414777,6414777
4972115,4972115,4971915,4971915,4972115
Z-1-2.8
15
40000.0000
6414977,6414777,6414777,6414977,6414977
4972115,4972115,4971915,4971915,4972115
Z-1-2.9
15
34439.5462
6413977,6413777,6413649,6413733,6413777,6413801,6413893,6413922,6413977,6413977
4971915,4971915,4971915,4971873,4971843,4971826,4971746,4971715,4971715,4971915
Z-1-2.10
15
40000.0000
6414177,6413977,6413977,6414177,6414177
4971915,4971915,4971715,4971715,4971915
Z-1-2.11
15
40000.0000
6414377,6414177,6414177,6414377,6414377
4971915,4971915,4971715,4971715,4971915
Z-1-2.12
15
40000.0000
6414577,6414377,6414377,6414577,6414577
4971915,4971915,4971715,4971715,4971915
Z-1-2.13
15
40000.0000
6414777,6414577,6414577,6414777,6414777
4971915,4971915,4971715,4971715,4971915
Z-1-2.14
15
40000.0000
6414977,6414777,6414777,6414977,6414977
4971915,4971915,4971715,4971715,4971915
Z-1-2.15
15
32648.8193
6414177,6413977,6413922,6413977,6414106,6414177,6414177
4971715,4971715,4971715,4971655,4971515,4971515,4971715
Z-1-2.16
15
40000.0000
6414377,6414177,6414177,6414377,6414377
4971715,4971715,4971515,4971515,4971715
Z-1-2.17
15
40000.0000
6414577,6414377,6414377,6414577,6414577
4971715,4971715,4971515,4971515,4971715
Z-1-2.18
15
40000.0000
6414777,6414577,6414577,6414777,6414777
4971715,4971715,4971515,4971515,4971715
Z-1-2.19
15
40000.0000
6414977,6414777,6414777,6414977,6414977
4971715,4971715,4971515,4971515,4971715
Z-1-2.20
15
34348.5610
6414377,6414177,6414107,6414177,6414305,6414377,6414377
4971515,4971515,4971514,4971443,4971315,4971315,4971515
Z-1-2.21
15
40000.0000
6414577,6414377,6414377,6414577,6414577
4971515,4971515,4971315,4971315,4971515
Z-1-2.22
15
40000.0000
6414777,6414577,6414577,6414777,6414777
4971515,4971515,4971315,4971315,4971515
Z-1-2.23
15
40000.0000
6414977,6414777,6414777,6414977,6414977
4971515,4971515,4971315,4971315,4971515
Z-1-2.24
15
34726.1608
6414577,6414377,6414305,6414377,6414411,6414501,6414577,6414577
4971315,4971315,4971315,4971242,4971208,4971115,4971115,4971315
Z-1-2.25
15
40000.0000
6414777,6414577,6414577,6414777,6414777
4971315,4971315,4971115,4971115,4971315
Z-1-2.26
15
40000.0000
6414977,6414777,6414777,6414977,6414977
4971315,4971315,4971115,4971115,4971315
Z-1-2.27
15
35518.7589
6414777,6414577,6414501,6414577,6414606,6414642,6414684,6414726,6414777,6414777
4971115,4971115,4971115,4971037,4971008,4970970,4970942,4970915,4970892,4971115
Z-1-2.28
15
51991.4397
6414977,6414777,6414777,6414798,6414977,6414977
4971115,4971115,4970892,4970882,4970821,4971115
Z-1-3.1
15
8545
6413577,6413577,6413478,6413482,6413490,6413498,6413524,6413564,6413577,6413577
4971515,4971541,4971553,4971543,4971515,4971487,4971450,4971425,4971421,4971515
Z-1-3.2
15
26550
6413777,6413577,6413577,6413577,6413642,6413752,6413777,6413777
4971515,4971541,4971515,4971421,4971402,4971378,4971372,4971515
Z-1-3.3
15
39347
6413977,6413977,6413777,6413777,6413820,6413902,6413975,6413977,6413977
4971515,4971566,4971515,4971372,4971363,4971335,4971315,4971315,4971515
Z-1-3.4
15
39319
6414093,6414079,6414021,6413977,6413977,6413977,6414177,6414177,6414093
4971500,4971515,4971578,4971566,4971515,4971315,4971315,4971415,4971500
Z-1-3.5
15
11825
6414177,6413977,6413977,6414002,6414065,6414110,6414146,6414177,6414177
4971315,4971315,4971315,4971308,4971280,4971242,4971196,4971148,4971315
Z-1-3.6
15
39401
6414277,6414177,6414177,6414177,6414184,6414206,6414377,6414377,6414277
4971315,4971415,4971315,4971148,4971138,4971115,4971115,4971214,4971315
Z-1-3.7
15
15096
6414377,6414206,6414237,6414305,6414358,6414377,6414377
4971115,4971115,4971082,4971017,4970960,4970923,4971115
Z-1-3.8
15
41611
6414474,6414377,6414377,6414377,6414378,6414381,6414577,6414577,6414577,6414474
4971115,4971214,4971115,4970923,4970922,4970915,4970890,4970915,4971008,4971115
Z-1-3.9
15
42478
6414716,6414689,6414630,6414577,6414577,6414577,6414777,6414777,6414716
4970898,4970915,4970954,4971008,4970915,4970715,4970715,4970870,4970898
Z-1-3.10
15
23763
6414977,6414791,6414777,6414777,6414977,6414977
4970799,4970864,4970870,4970715,4970715,4970799
Z-1-3.11
15
40000
6414777,6414577,6414577,6414777,6414777
4970715,4970715,4970515,4970515,4970715
Z-1-3.12
15
40000
6414977,6414777,6414777,6414977,6414977
4970715,4970715,4970515,4970515,4970715
Z-1-3.13
15
40000
6414777,6414577,6414577,6414777,6414777
4970515,4970515,4970315,4970315,4970515
Z-1-3.14
15
40000
6414977,6414777,6414777,6414977,6414977
4970515,4970515,4970315,4970315,4970515
Z-1-3.15
15
40000
6414777,6414577,6414577,6414777,6414777
4970315,4970315,4970115,4970115,4970315
Z-1-3.16
15
40000
6414977,6414777,6414777,6414977,6414977
4970315,4970315,4970115,4970115,4970315
Z-1-3.17
15
40000
6414777,6414577,6414577,6414777,6414777
4970115,4970115,4969915,4969915,4970115
Z-1-3.18
15
40000
6414977,6414777,6414777,6414977,6414977
4970115,4970115,4969915,4969915,4970115
Z-1-3.19
15
40000
6414577,6414377,6414377,6414577,6414577
4969915,4969915,4969715,4969715,4969915
Z-1-3.20
15
40000
6414777,6414577,6414577,6414777,6414777
4969915,4969915,4969715,4969715,4969915
Z-1-3.21
15
40000
6414977,6414777,6414777,6414977,6414977
4969915,4969915,4969715,4969715,4969915
Z-1-3.22
15
40000
6414577,6414377,6414377,6414577,6414577
4969715,4969715,4969515,4969515,4969715
Z-1-3.23
15
40000
6414777,6414577,6414577,6414777,6414777
4969715,4969715,4969515,4969515,4969715
Z-1-3.24
15
40000
6414977,6414777,6414777,6414977,6414977
4969715,4969715,4969515,4969515,4969715
Z-1-3.25
15
40000
6414577,6414377,6414377,6414577,6414577
4969515,4969515,4969315,4969315,4969515
Z-1-3.26
15
40000
6414777,6414577,6414577,6414777,6414777
4969515,4969515,4969315,4969315,4969515
Z-1-3.27
15
40000
6414977,6414777,6414777,6414977,6414977
4969515,4969515,4969315,4969315,4969515
Z-1-3.28
15
40000
6414577,6414377,6414377,6414577,6414577
4969315,4969315,4969115,4969115,4969315
Z-1-3.29
15
40000
6414777,6414577,6414577,6414777,6414777
4969315,4969315,4969115,4969115,4969315
Z-1-3.30
15
40000
6414977,6414777,6414777,6414977,6414977
4969315,4969315,4969115,4969115,4969315
Z-1-3.31
15
40000
6414377,6414177,6414177,6414377,6414377
4969115,4969115,4968915,4968915,4969115
Z-1-3.32
15
40000
6414577,6414377,6414377,6414577,6414577
4969115,4969115,4968915,4968915,4969115
Z-1-3.33
15
40000
6414777,6414577,6414577,6414777,6414777
4969115,4969115,4968915,4968915,4969115
Z-1-3.34
15
40000
6414977,6414777,6414777,6414977,6414977
4969115,4969115,4968915,4968915,4969115
Z-1-3.35
15
40000
6414577,6414377,6414377,6414577,6414577
4968915,4968915,4968715,4968715,4968915
Z-1-3.36
15
40000
6414777,6414577,6414577,6414777,6414777
4968915,4968915,4968715,4968715,4968915
Z-1-3.37
15
40000
6414977,6414777,6414777,6414977,6414977
4968915,4968915,4968715,4968715,4968915
Z-1-3.38
15
40000
6414777,6414577,6414577,6414777,6414777
4968715,4968715,4968515,4968515,4968715
Z-1-3.39
15
40000
6414977,6414777,6414777,6414977,6414977
4968715,4968715,4968515,4968515,4968715
Z-1-3.40
15
40000
6414977,6414777,6414777,6414977,6414977
4968515,4968515,4968315,4968315,4968515
Z-1-4.1
15
36166
6414577,6414382,6414377,6414363,6414377,6414384,6414392,6414391,6414383,6414577,6414577
4970890,4970915,4970913,4970906,4970870,4970853,4970793,4970742,4970715,4970715,4970890
Z-1-4.2
15
48571
6414577,6414383,6414377,6414369,6414345,6414297,6414262,6414377,6414577,6414577
4970715,4970715,4970694,4970664,4970620,4970556,4970515,4970515,4970515,4970715
Z-1-4.3
15
39541
6414377,6414262,6414177,6414152,6414110,6414108,6414177,6414377,6414377
4970515,4970515,4970416,4970386,4970320,4970315,4970315,4970315,4970515
Z-1-4.4
15
40000
6414577,6414377,6414377,6414577,6414577
4970515,4970515,4970315,4970315,4970515
Z-1-4.5
15
60644
6414377,6414177,6414108,6414064,6414053,6414177,6414377,6414377
4970315,4970315,4970315,4970205,4970115,4970115,4970115,4970315
Z-1-4.6
15
40000
6414577,6414377,6414377,6414577,6414577
4970315,4970315,4970115,4970115,4970315
Z-1-4.7
15
26956
6414177,6414053,6414051,6414044,6414037,6414025,6414177,6414177
4970115,4970115,4970086,4970012,4969961,4969915,4969915,4970115
Z-1-4.8
15
40000
6414377,6414177,6414177,6414377,6414377
4970115,4970115,4969915,4969915,4970115
Z-1-4.9
15
40000
6414577,6414377,6414377,6414577,6414577
4970115,4970115,4969915,4969915,4970115
Z-1-4.10
15
37844
6414177,6414025,6414024,6414002,6413977,6413977,6414177,6414177
4969915,4969915,4969912,4969865,4969838,4969715,4969715,4969915
Z-1-4.11
15
40000
6414377,6414177,6414177,6414377,6414377
4969915,4969915,4969715,4969715,4969915
Z-1-4.12
15
29148
6413577,6413547,6413509,6413499,6413469,6413450,6413432,6413407,6413395,6413577,6413577,6413577
4969695,4969675,4969632,4969607,4969543,4969515,4969489,4969437,4969415,4969415,4969515,4969695
Z-1-4.13
15
42199
6413777,6413777,6413760,6413690,6413637,6413617,6413589,6413577,6413577,6413777,6413777
4969715,4969738,4969736,4969733,4969723,4969715,4969703,4969695,4969515,4969515,4969715
Z-1-4.14
15
50475
6413977,6413977,6413967,6413936,6413895,6413851,6413777,6413777,6413777,6413977,6413977
4969715,4969838,4969826,4969796,4969763,4969745,4969738,4969715,4969515,4969515,4969715
Z-1-4.15
15
40000
6414177,6413977,6413977,6414177,6414177
4969715,4969715,4969515,4969515,4969715
Z-1-4.16
15
40000
6414377,6414177,6414177,6414377,6414377
4969715,4969715,4969515,4969515,4969715
Z-1-4.17
15
34695
6413577,6413395,6413385,6413377,6413374,6413365,6413364,6413384,6413577,6413577,6413577
4969415,4969415,4969396,4969366,4969352,4969299,4969255,4969258,4969230,4969315,4969415
Z-1-4.18
15
40000
6413777,6413577,6413577,6413777,6413777
4969515,4969515,4969315,4969315,4969515
Z-1-4.19
15
40000
6413977,6413777,6413777,6413977,6413977
4969515,4969515,4969315,4969315,4969515
Z-1-4.20
15
40000
6414177,6413977,6413977,6414177,6414177
4969515,4969515,4969315,4969315,4969515
Z-1-4.21
15
40000
6414377,6414177,6414177,6414377,6414377
4969515,4969515,4969315,4969315,4969515
Z-1-4.22
15
37639
6413777,6413577,6413577,6413578,6413617,6413777,6413777
4969315,4969315,4969230,4969230,4969115,4969115,4969315
Z-1-4.23
15
40000
6413977,6413777,6413777,6413977,6413977
4969315,4969315,4969115,4969115,4969315
Z-1-4.24
15
40000
6414177,6413977,6413977,6414177,6414177
4969315,4969315,4969115,4969115,4969315
Z-1-4.25
15
40000
6414377,6414177,6414177,6414377,6414377
4969315,4969315,4969115,4969115,4969315
Z-1-4.26
15
17297
6413777,6413617,6413637,6413710,6413777,6413777
4969115,4969115,4969057,4968988,4968948,4969115
Z-1-4.27
15
46941
6413977,6413777,6413777,6413827,6413832,6413976,6413977,6413977,6413977
4969115,4969115,4968948,4968919,4968915,4968807,4968807,4968915,4969115
Z-1-4.28
15
40000
6414177,6413977,6413977,6414177,6414177
4969115,4969115,4968915,4968915,4969115
Z-1-4.29
15
40000
6414377,6414177,6414177,6414377,6414377
4969115,4969115,4968915,4968915,4969115
Z-1-4.30
15
40000
6414177,6413977,6413977,6414177,6414177
4968915,4968915,4968715,4968715,4968915
Z-1-4.31
15
40000
6414377,6414177,6414177,6414377,6414377
4968915,4968915,4968715,4968715,4968915
Z-1-4.32
15
26330
6413977,6413977,6413976,6413919,6413800,6413977,6413977
4968715,4968807,4968807,4968715,4968515,4968515,4968715
Z-1-4.33
15
40000
6414177,6413977,6413977,6414177,6414177
4968715,4968715,4968515,4968515,4968715
Z-1-4.34
15
40000
6414177,6413977,6413977,6414177,6414177
4968715,4968715,4968515,4968515,4968715
Z-1-4.35
15
40000
6414577,6414377,6414377,6414577,6414577
4968715,4968715,4968515,4968515,4968715
Z-1-4.36
15
39576
6413977,6413800,6413777,6413777,6413977,6413977
4968515,4968515,4968477,4968315,4968315,4968515
Z-1-4.37
15
40000
6414177,6413977,6413977,6414177,6414177
4968515,4968515,4968315,4968315,4968515
Z-1-4.38
15
40000
6414377,6414177,6414177,6414377,6414377
4968515,4968515,4968315,4968315,4968515
Z-1-4.39
15
40000
6414577,6414377,6414377,6414577,6414577
4968515,4968515,4968315,4968315,4968515
Z-1-4.40
15
40000
6414777,6414577,6414577,6414777,6414777
4968515,4968515,4968315,4968315,4968515
Z-1-5.1
15
30452
6412377,6412377,6412301,6412225,6412377,6412377
4969515,4969715,4969515,4969315,4969315,4969515
Z-1-5.2
15
35881
6412377,6412225,6412207,6412177,6412377,6412377
4969315,4969315,4969269,4969115,4969115,4969315
Z-1-5.3
15
40000
6412377,6412177,6412177,6412377,6412377
4969115,4969115,4968915,4968915,4969115
Z-1-5.4
15
35334
6412577,6412377,6412377,6412577,6412731,6412577
4969602,4969715,4969515,4969515,4969515,4969602
Z-1-5.5
15
40000
6412577,6412377,6412377,6412577,6412577
4969515,4969515,4969315,4969315,4969515
Z-1-5.6
15
40000
6412577,6412377,6412377,6412577,6412577
4969315,4969315,4969115,4969115,4969315
Z-1-5.7
15
40000
6412577,6412377,6412377,6412577,6412577
4969115,4969115,4968915,4968915,4969115
Z-1-5.8
15
39384
6412777,6412731,6412577,6412577,6412777,6412777
4969489,4969515,4969515,4969315,4969315,4969489
Z-1-5.9
15
40000
6412777,6412577,6412577,6412777,6412777
4969315,4969315,4969115,4969115,4969315
Z-1-5.10
15
40000
6412777,6412577,6412577,6412777,6412777
4969115,4969115,4968915,4968915,4969115
Z-1-5.11
15
17563
6412823,6412777,6412777,6412955,6412955,6412823
4969463,4969489,4969315,4969315,4969322,4969463
Z-1-5.12
15
33714
6412955,6412777,6412777,6412947,6412939,6412955
4969315,4969315,4969115,4969115,4969166,4969315
Z-1-5.13
15
40000
6412977,6412777,6412777,6412977,6412977
4968915,4968915,4968715,4968715,4968915
Z-1-5.14
15
40000
6412977,6412777,6412777,6412977,6412977
4968915,4968915,4968715,4968715,4968915
Z-1-5.15
15
40000
6412977,6412777,6412777,6412977,6412977
4968715,4968715,4968515,4968515,4968715
Z-1-5.16
15
40000
6412977,6412777,6412777,6412977,6412977
4968515,4968515,4968315,4968315,4968515
Z-1-5.17
15
39979
6413177,6412977,6412977,6413177,6413177
4968915,4968915,4968715,4968715,4968915
Z-1-5.18
15
40000
6413177,6412977,6412977,6413177,6413177
4968715,4968715,4968515,4968515,4968715
Z-1-5.19
15
40000
6413177,6412977,6412977,6413177,6413177
4968515,4968515,4968315,4968315,4968515
Z-1-5.20
15
49782
6413377,6413376,6413177,6413177,6413377,6413577,6413459,6413377
4968912,4968915,4968915,4968715,4968715,4968715,4968733,4968912
Z-1-5.21
15
40000
6413377,6413177,6413177,6413377,6413377
4968715,4968715,4968515,4968515,4968715
Z-1-5.22
15
40000
6413377,6413177,6413177,6413377,6413377
4968515,4968515,4968315,4968315,4968515
Z-1-5.23
15
64008
6413577,6413377,6413377,6413577,6413676,6413700,6413704,6413704,6413701,6413577
4968715,4968715,4968515,4968515,4968515,4968590,4968622,4968674,4968715,4968715
Z-1-5.24
15
58835
6413577,6413377,6413377,6413577,6413682,6413663,6413670,6413676,6413577
4968515,4968515,4968315,4968315,4968315,4968456,4968496,4968515,4968515
Z-1-6.1
15
40000
6412377,6412177,6412177,6412377,6412377
4968915,4968915,4968715,4968715,4968915
Z-1-6.2
15
40000
6412577,6412377,6412377,6412577,6412577
4968915,4968915,4968715,4968715,4968915
Z-1-6.3
15
40000
6412777,6412577,6412577,6412777,6412777
4968915,4968915,4968715,4968715,4968915
Z-1-6.4
15
40000
6411977,6411777,6411777,6411977,6411977
4968715,4968715,4968515,4968515,4968715
Z-1-6.5
15
40000
6412177,6411977,6411977,6412177,6412177
4968715,4968715,4968515,4968515,4968715
Z-1-6.6
15
40000
6412377,6412177,6412177,6412377,6412377
4968715,4968715,4968515,4968515,4968715
Z-1-6.7
15
40000
6412577,6412377,6412377,6412577,6412577
4968715,4968715,4968515,4968515,4968715
Z-1-6.8
15
40000
6412777,6412577,6412577,6412777,6412777
4968715,4968715,4968515,4968515,4968715
Z-1-6.9
15
40000
6411977,6411777,6411777,6411977,6411977
4968515,4968515,4968315,4968315,4968515
Z-1-6.10
15
40000
6412177,6411977,6411977,6412177,6412177
4968515,4968515,4968315,4968315,4968515
Z-1-6.11
15
40000
6412377,6412177,6412177,6412377,6412377
4968515,4968515,4968315,4968315,4968515
Z-1-6.12
15
40000
6412577,6412377,6412377,6412577,6412577
4968515,4968515,4968315,4968315,4968515
Z-1-6.13
15
40000
6412777,6412577,6412577,6412777,6412777
4968515,4968515,4968315,4968315,4968515
Z-1-7.1
30
37196
6411377,6411279,6411177,6411177,6411377,6411448,6411377
4969206,4969308,4969315,4969115,4969115,4969115,4969206
Z-1-7.2
30
40000
6411377,6411177,6411177,6411377,6411377
4969115,4969115,4968915,4968915,4969115
Z-1-7.3
50
40000
6411377,6411177,6411177,6411377,6411377
4968915,4968915,4968715,4968715,4968915
Z-1-7.4
30
40000
6411377,6411177,6411177,6411377,6411377
4968715,4968715,4968515,4968515,4968715
Z-1-7.5
30
40000
6411377,6411177,6411177,6411377,6411377
4968515,4968515,4968315,4968315,4968515
Z-1-7.6
30
30368
6411512,6411448,6411377,6411377,6411577,6411577,6411512
4969033,4969115,4969115,4968915,4968915,4968981,4969033
Z-1-7.7
30
40000
6411577,6411377,6411377,6411577,6411577
4968915,4968915,4968715,4968715,4968915
Z-1-7.8
30
40000
6411577,6411377,6411377,6411577,6411577
4968715,4968715,4968515,4968515,4968715
Z-1-7.9
30
40000
6411577,6411377,6411377,6411577,6411577
4968515,4968515,4968315,4968315,4968515
Z-1-7.10
30
40000
6411777,6411577,6411577,6411777,6411777
4968915,4968915,4968715,4968715,4968915
Z-1-7.11
30
40000
6411777,6411577,6411577,6411777,6411777
4968715,4968715,4968515,4968515,4968715
Z-1-7.12
30
40000
6411777,6411577,6411577,6411777,6411777
4968515,4968515,4968315,4968315,4968515
Z-1-7.13
30
40000
6411977,6411777,6411777,6411977,6411977
4968915,4968915,4968715,4968715,4968915
Z-1-7.14
30
35870
6412177,6412134,6411999,6411977,6411777,6411977,6412177,6412177
4969115,4969078,4969010,4969001,4968915,4968915,4968915,4969115
Z-1-7.15
30
40000
6412177,6411977,6411977,6412177,6412177
4968915,4968915,4968715,4968715,4968915
Z-3.1
15
40000
6411377,6411177,6411177,6411377,6411377
4972115,4972115,4971915,4971915,4972115
Z-3.2
15
40000
6411377,6411177,6411177,6411377,6411377
4971915,4971915,4971715,4971715,4971915
Z-3.3
15
40000
6411377,6411177,6411177,6411377,6411377
4971715,4971715,4971515,4971515,4971715
Z-3.4
15
40000
6411377,6411177,6411177,6411377,6411377
4971515,4971515,4971315,4971315,4971515
Z-3.5
15
40000
6411377,6411177,6411177,6411377,6411377
4971315,4971315,4971115,4971115,4971315
Z-3.6
15
40000
6411377,6411177,6411177,6411377,6411377
4971115,4971115,4970915,4970915,4971115
Z-3.7
15
40000
6411377,6411177,6411177,6411377,6411377
4970915,4970915,4970715,4970715,4970915
Z-3.8
15
40000
6411377,6411177,6411177,6411377,6411377
4970515,4970515,4970315,4970315,4970515
Z-3.9
15
40000
6411377,6411177,6411177,6411377,6411377
4970515,4970515,4970315,4970315,4970515
Z-3.10
15
40000
6411377,6411177,6411177,6411377,6411377
4970315,4970315,4970115,4970115,4970315
Z-3.11
15
40000
6411377,6411177,6411177,6411377,6411377
4970115,4970115,4969915,4969915,4970115
Z-3.12
15
40000
6411577,6411377,6411377,6411577,6411577
4972115,4972115,4971915,4971915,4972115
Z-3.13
15
40000
6411577,6411377,6411377,6411577,6411577
4971915,4971915,4971715,4971715,4971915
Z-3.14
15
40000
6411577,6411377,6411377,6411577,6411577
4971715,4971715,4971515,4971515,4971715
Z-3.15
15
40000
6411577,6411377,6411377,6411577,6411577
4971515,4971515,4971315,4971315,4971515
Z-3.16
15
40000
6411577,6411377,6411377,6411577,6411577
4971315,4971315,4971115,4971115,4971315
Z-3.17
15
40000
6411577,6411377,6411377,6411577,6411577
4971115,4971115,4970915,4970915,4971115
Z-3.18
15
40000
6411577,6411377,6411377,6411577,6411577
4970915,4970915,4970715,4970715,4970915
Z-3.19
15
40000
6411577,6411377,6411377,6411577,6411577
4970715,4970715,4970515,4970515,4970715
Z-3.20
15
40000
6411577,6411377,6411377,6411577,6411577
4970515,4970515,4970315,4970315,4970515
Z-3.21
15
40000
6411577,6411377,6411377,6411577,6411577
4970115,4970115,4969915,4969915,4970115
Z-3.22
15
40000
6411577,6411377,6411377,6411577,6411577
4970115,4970115,4969915,4969915,4970115
Z-3.23
15
40000
6411777,6411577,6411577,6411777,6411777
4972115,4972115,4971915,4971915,4972115
Z-3.24
15
40000
6411777,6411577,6411577,6411777,6411777
4971915,4971915,4971715,4971715,4971915
Z-3.25
15
40000
6411777,6411577,6411577,6411777,6411777
4971715,4971715,4971515,4971515,4971715
Z-3.26
15
40000
6411777,6411577,6411577,6411777,6411777
4971515,4971515,4971315,4971315,4971515
Z-3.27
15
40000
6411777,6411577,6411577,6411777,6411777
4971315,4971315,4971115,4971115,4971315
Z-3.28
15
40000
6411777,6411577,6411577,6411777,6411777
4971115,4971115,4970915,4970915,4971115
Z-3.29
15
20000
6411777,6411577,6411577,6411777,
4970915,4970915,4970715,4970915,
Z-3.30
15
40000
6411977,6411777,6411777,6411977,6411977
4972115,4972115,4971915,4971915,4972115
Z-3.31
15
40000
6411977,6411777,6411777,6411977,6411977
4971915,4971915,4971715,4971715,4971915
Z-3.32
15
40000
6411977,6411777,6411777,6411977,6411977
4971715,4971715,4971515,4971515,4971715
Z-3.33
15
40000
6411977,6411777,6411777,6411977,6411977
4971515,4971515,4971315,4971315,4971515
Z-3.34
15
40000
6411977,6411777,6411777,6411977,6411977
4971315,4971315,4971115,4971115,4971315
Z-3.35
15
20000
6411977,6411777,6411777,6411977,
4971115,4971115,4970915,4971115,
Z-3.36
15
40000
6412177,6411977,6411977,6412177,6412177
4972115,4972115,4971915,4971915,4972115
Z-3.37
15
40000
6412177,6411977,6411977,6412177,6412177
4971915,4971915,4971715,4971715,4971915
Z-3.38
15
40000
6412177,6411977,6411977,6412177,6412177
4971715,4971715,4971515,4971515,4971715
Z-3.39
15
40000
6412177,6411977,6411977,6412177,6412177
4971515,4971515,4971315,4971315,4971515
Z-3.40
15
20000
6412177,6411977,6411977,6412177,
4971315,4971315,4971115,4971315,
Z-3.41
15
40000
6412377,6412177,6412177,6412377,6412377
4972115,4972115,4971915,4971915,4972115
Z-3.42
15
40000
6412377,6412177,6412177,6412377,6412377
4971915,4971915,4971715,4971715,4971915
Z-3.43
15
40000
6412377,6412177,6412177,6412377,6412377
4971715,4971715,4971515,4971515,4971715
Z-3.44
15
20000
6412377,6412177,6412177,6412377,
4971515,4971515,4971315,4971515,
Z-3.45
15
40000
6412577,6412377,6412377,6412577,6412577
4972115,4972115,4971915,4971915,4972115
Z-3.46
15
40000
6412577,6412377,6412377,6412577,6412577
4971915,4971915,4971715,4971715,4971915
Z-3.47
15
40000
6412577,6412377,6412377,6412577,6412577
4971715,4971715,4971515,4971515,4971715
Z-3.48
15
40000
6412777,6412577,6412577,6412777,6412777
4972115,4972115,4971915,4971915,4972115
Z-3.49
15
40000
6412777,6412577,6412577,6412777,6412777
4971915,4971915,4971715,4971715,4971915
Z-3.50
15
40000
6412777,6412577,6412577,6412777,6412777
4971715,4971715,4971515,4971515,4971715
Z-3.51
15
40000
6412977,6412777,6412777,6412977,6412977
4972115,4972115,4971915,4971915,4972115
Z-3.52
15
40000
6412977,6412777,6412777,6412977,6412977
4971915,4971915,4971715,4971715,4971915
Z-3.53
15
40000
6412977,6412777,6412777,6412977,6412977
4971715,4971715,4971515,4971515,4971715
Z-3.54
15
40000
6413177,6412977,6412977,6413177,6413177
4972115,4972115,4971915,4971915,4972115
Z-3.55
15
40000
6413177,6412977,6412977,6413177,6413177
4971915,4971915,4971715,4971715,4971915
Z-3.56
15
40000
6413177,6412977,6412977,6413177,6413177
4971715,4971715,4971515,4971515,4971715
Z-4-1.1
50
18435
6413177,6413151,6413006,6412977,6412939,6412947,6412977,6413177,6413177
4969215,4969204,4969191,4969180,4969166,4969115,4969115,4969115,4969215
Z-4-1.2
50
43053
6413177,6412977,6412947,6412977,6413177,6413177
4969115,4969115,4969115,4968915,4968915,4969115
Z-4-1.3
50
25440
6413377,6413364,6413248,6413177,6413177,6413377,6413377
4969257,4969255,4969243,4969215,4969115,4969115,4969257
Z-4-1.4
50
40000
6413377,6413177,6413177,6413377,6413377
4969115,4969115,4968915,4968915,4969115
Z-4-1.5
50
28231
6413577,6413384,6413377,6413377,6413577,6413617,6413577
4969230,4969258,4969257,4969115,4969115,4969115,4969230
Z-4-1.6
50
40000
6413577,6413377,6413377,6413577,6413577
4969115,4969115,4968915,4968915,4969115
Z-4-1.7
50
30153
6413577,6413377,6413377,6413459,6413577,6413577
4968915,4968915,4968912,4968733,4968715,4968915
Z-4-1.8
50
22703
6413710,6413637,6413617,6413577,6413577,6413777,6413777,6413710
4968988,4969057,4969115,4969115,4968915,4968915,4968948,4968988
Z-4-1.9
50
40000
6413777,6413577,6413577,6413777,6413777
4968915,4968915,4968715,4968715,4968915
Z-4-1.10
50
30311
6413832,6413777,6413777,6413777,6413919,6413976,6413832
4968915,4968948,4968915,4968715,4968715,4968807,4968915
Z-4-1.11
50
15988
6413777,6413701,6413704,6413704,6413700,6413682,6413676,6413777,6413777
4968715,4968715,4968674,4968622,4968590,4968535,4968515,4968515,4968715
Z-4-1.12
50
21186
6413777,6413676,6413670,6413663,6413671,6413682,6413777,6413777
4968515,4968515,4968496,4968456,4968394,4968315,4968315,4968515
Z-4-1.13
50
16819
6413919,6413777,6413777,6413777,6413800,6413919
4968715,4968715,4968515,4968477,4968515,4968715
Z-4-2.1
50
32760
6413377,6413208,6413177,6413177,6413377,6413377,
4972030,4972115,4972115,4971915,4971915,4972030,
Z-4-2.2
50
40000
6413377,6413177,6413177,6413377,6413377
4971915,4971915,4971715,4971715,4971915
Z-4-2.3
50
35135
6413377,6413177,6413177,6413233,6413278,6413307,6413377,6413377
4971715,4971715,4971522,4971536,4971544,4971546,4971543,4971715
Z-4-2.4
50
13045
6413377,6413377,6413577,6413605,6413377
4972030,4971915,4971915,4971915,4972030
Z-4-2.5
50
40000
6413577,6413377,6413377,6413577,6413577
4971915,4971915,4971715,4971715,4971915
Z-4-2.6
50
34924
6413577,6413377,6413377,6413382,6413436,6413465,6413477,6413485,6413482,6413478,6413577,6413577
4971715,4971715,4971543,4971543,4971531,4971531,4971531,4971532,4971543,4971553,4971541,4971715
Z-4-2.7
50
32248
6413777,6413723,6413605,6413577,6413577,6413777,6413777
4971818,4971856,4971915,4971915,4971715,4971715,4971818
Z-4-2.8
50
37440
6413777,6413577,6413577,6413777,6413777
4971715,4971715,4971541,4971515,4971715
Z-4-2.9
50
37440
6413789,6413777,6413777,6413895,6413880,6413789,
4971810,4971818,4971715,4971715,4971732,4971810,
Z-4-2.10
50
32503
6413895,6413777,6413777,6414021,6413895
4971715,4971715,4971515,4971578,4971715
K-5.1
2500
102224.7450
6411577,6411453,6411177,6411177,6411577,6411577
4970018,4969994,4969915,4969715,4969715,4970018
K-5.2
2500
160000.0000
6411577,6411177,6411177,6411577,6411577
4969715,4969715,4969315,4969315,4969715
K-5.3
2500
52365.4440
6411577,6411177,6411279,6411382,6411512,6411577,6411577
4969315,4969315,4969308,4969201,4969033,4968981,4969315
K-5.4
2500
138512.9018
6411977,6411750,6411577,6411577,6411977,6411977
4970115,4970050,4970018,4969715,4969715,4970115
K-5.5
2500
160000.0000
6411977,6411577,6411577,6411977,6411977
4969715,4969715,4969315,4969315,4969715
K-5.6
2500
151398.6188
6411977,6411577,6411577,6411577,6411777,6411977,6411977
4969315,4969315,4968981,4968915,4968915,4969001,4969315
K-5.7
2500
66440.8040
6412377,6412177,6411977,6412377,6412377
4970379,4970315,4970115,4970115,4970379
K-5.8
2500
160000.0000
6412377,6411977,6411977,6412377,6412377
4970115,4970115,4969715,4969715,4970115
K-5.9
2500
129548.2994
6412377,6411977,6411977,6412225,6412377
4969715,4969715,4969315,4969315,4969715
K-5.10
2500
56850.5224
6412207,6412225,6411977,6411977,6411999,6412134,6412177,6412207
4969269,4969315,4969315,4969001,4969010,4969078,4969115,4969269
K-5.11
2500
43402.8294
6412777,6412649,6412607,6412588,6412576,6412546,6412549,6412777,6412777
4971183,4971129,4971051,4971017,4970999,4970954,4970915,4970915,4971183
K-5.12
2500
96943.2392
6412777,6412549,6412556,6412502,6412777,6412777
4970915,4970915,4970817,4970515,4970515,4970915
K-5.13
2500
146433.7960
6412777,6412502,6412484,6412377,6412377,6412777,6412777
4970515,4970515,4970414,4970379,4970115,4970115,4970515
K-5.14
2500
160000.0000
6412777,6412377,6412377,6412777,6412777
4970115,4970115,4969715,4969715,4970115
K-5.15
2500
45281.7435
6412777,6412377,6412777,6412777
4969715,4969715,4969489,4969715
K-5.16
2500
135089.2780
6413177,6413069,6412970,6412777,6412777,6413177,6413177
4971292,4971280,4971265,4971183,4970915,4970915,4971292
K-5.17
2500
160000.0000
6413177,6412777,6412777,6413177,6413177
4970915,4970915,4970515,4970515,4970915
K-5.18
2500
160000.0000
6413177,6412777,6412777,6413177,6413177
4970515,4970515,4970115,4970115,4970515
K-5.19
2500
160000.0000
6413177,6412777,6412777,6413177,6413177
4970115,4970115,4969715,4969715,4970115
K-5.20
2500
170315.5456
6413177,6412777,6412777,6412823,6412955,6412939,6413004,6413151,6413177,6413177,6413177
4969715,4969715,4969489,4969463,4969322,4969166,4969190,4969204,4969215,4969315,4969715
K-5.21
2500
160200.1809
6413577,6413373,6413177,6413177,6413577,6413577
4971339,4971315,4971292,4970915,4970915,4971339
K-5.22
2500
160000.0000
6413577,6413177,6413177,6413577,6413577
4970915,4970915,4970515,4970515,4970915
K-5.23
2500
160000.0000
6413577,6413177,6413177,6413577,6413577
4970515,4970515,4970115,4970115,4970515
K-5.24
2500
160000.0000
6413577,6413177,6413177,6413577,6413577
4970115,4970115,4969715,4969715,4970115
K-5.25
2500
124829.5351
6413499,6413509,6413547,6413577,6413577,6413177,6413177,6413248,6413364,6413368,6413374,6413385,6413407,6413432,6413469,6413499
4969607,4969632,4969675,4969695,4969715,4969715,4969215,4969243,4969255,4969315,4969352,4969396,4969437,4969489,4969543,4969607
K-5.26
2500
168524.9208
6413977,6413900,6413815,6413748,6413577,6413577,6413977,6413977
4971294,4971315,4971343,4971359,4971339,4970915,4970915,4971294
K-5.27
2500
160000.0000
6413977,6413577,6413577,6413977,6413977
4970915,4970915,4970515,4970515,4970915
K-5.28
2500
160000.0000
6413977,6413577,6413577,6413977,6413977
4970515,4970515,4970115,4970115,4970515
K-5.29
2500
162174.5989
6414053,6413577,6413577,6413617,6413637,6413690,6413760,6413851,6413895,6413936,6413967,6413977,6414002,6414024,6414037,6414044,6414051,6414053
4970115,4970115,4969715,4969715,4969723,4969733,4969736,4969745,4969763,4969796,4969826,4969838,4969865,4969912,4969961,4970012,4970089,4970115
K-5.30
2500
82255.7628
6414223,6414168,6414129,6414095,6414054,6413996,6413977,6413977,6414359,6414341,6414290,6414223
4971068,4971126,4971184,4971228,4971263,4971289,4971294,4970915,4970915,4970948,4971003,4971068
K-5.31
2500
152705.8790
6414377,6414391,6414392,6414384,6414377,6414363,6414359,6413977,6413977,6414262,6414297,6414345,6414369,6414377
4970694,4970742,4970793,4970853,4970870,4970906,4970915,4970915,4970515,4970515,4970556,4970620,4970664,4970694
K-5.32
2500
59783.0434
6414262,6413977,6413977,6414053,6414055,6414064,6414110,6414152,6414262
4970515,4970515,4970115,4970115,4970138,4970205,4970320,4970386,4970515